2021/09/03-19:44:25.407486 ffffbeb5fe38 RocksDB version: 6.10.2
2021/09/03-19:44:25.409110 ffffbeb5fe38 Git sha rocksdb_build_git_sha:1482c8697c260cc12f7fce9f15401a85330d2ff1
2021/09/03-19:44:25.409114 ffffbeb5fe38 Compile date Aug 25 2021
2021/09/03-19:44:25.409127 ffffbeb5fe38 DB SUMMARY
2021/09/03-19:44:25.409576 ffffbeb5fe38 CURRENT file:  CURRENT
2021/09/03-19:44:25.409577 ffffbeb5fe38 IDENTITY file:  IDENTITY
2021/09/03-19:44:25.409591 ffffbeb5fe38 MANIFEST file:  MANIFEST-002039 size: 314 Bytes
2021/09/03-19:44:25.409592 ffffbeb5fe38 SST files in rocks.db dir, Total Num: 3, files: 000946.sst 001056.sst 001060.sst 
2021/09/03-19:44:25.409593 ffffbeb5fe38 Write Ahead Log file in rocks.db: 002040.log size: 0 ; 
2021/09/03-19:44:25.409612 ffffbeb5fe38                         Options.error_if_exists: 0
2021/09/03-19:44:25.409613 ffffbeb5fe38                       Options.create_if_missing: 1
2021/09/03-19:44:25.409614 ffffbeb5fe38                         Options.paranoid_checks: 1
2021/09/03-19:44:25.409615 ffffbeb5fe38                                     Options.env: 0xffffbc43c7a0
2021/09/03-19:44:25.410287 ffffbeb5fe38                                      Options.fs: Posix File System
2021/09/03-19:44:25.410290 ffffbeb5fe38                                Options.info_log: 0xaaaaf59cd3c0
2021/09/03-19:44:25.410292 ffffbeb5fe38                Options.max_file_opening_threads: 16
2021/09/03-19:44:25.410293 ffffbeb5fe38                              Options.statistics: 0
2021/09/03-19:44:25.410294 ffffbeb5fe38                               Options.use_fsync: 0
2021/09/03-19:44:25.410295 ffffbeb5fe38                       Options.max_log_file_size: 0
2021/09/03-19:44:25.410296 ffffbeb5fe38                  Options.max_manifest_file_size: 1073741824
2021/09/03-19:44:25.410297 ffffbeb5fe38                   Options.log_file_time_to_roll: 0
2021/09/03-19:44:25.410298 ffffbeb5fe38                       Options.keep_log_file_num: 1000
2021/09/03-19:44:25.410299 ffffbeb5fe38                    Options.recycle_log_file_num: 0
2021/09/03-19:44:25.410300 ffffbeb5fe38                         Options.allow_fallocate: 1
2021/09/03-19:44:25.411151 ffffbeb5fe38                        Options.allow_mmap_reads: 0
2021/09/03-19:44:25.411153 ffffbeb5fe38                       Options.allow_mmap_writes: 0
2021/09/03-19:44:25.411154 ffffbeb5fe38                        Options.use_direct_reads: 0
2021/09/03-19:44:25.411155 ffffbeb5fe38                        Options.use_direct_io_for_flush_and_compaction: 0
2021/09/03-19:44:25.411156 ffffbeb5fe38          Options.create_missing_column_families: 0
2021/09/03-19:44:25.411157 ffffbeb5fe38                              Options.db_log_dir: 
2021/09/03-19:44:25.411157 ffffbeb5fe38                                 Options.wal_dir: rocks.db
2021/09/03-19:44:25.411158 ffffbeb5fe38                Options.table_cache_numshardbits: 6
2021/09/03-19:44:25.411159 ffffbeb5fe38                      Options.max_subcompactions: 1
2021/09/03-19:44:25.411160 ffffbeb5fe38                         Options.WAL_ttl_seconds: 0
2021/09/03-19:44:25.411161 ffffbeb5fe38                       Options.WAL_size_limit_MB: 0
2021/09/03-19:44:25.412840 ffffbeb5fe38                        Options.max_write_batch_group_size_bytes: 1048576
2021/09/03-19:44:25.412848 ffffbeb5fe38             Options.manifest_preallocation_size: 4194304
2021/09/03-19:44:25.412849 ffffbeb5fe38                     Options.is_fd_close_on_exec: 1
2021/09/03-19:44:25.412850 ffffbeb5fe38                   Options.advise_random_on_open: 1
2021/09/03-19:44:25.412851 ffffbeb5fe38                    Options.db_write_buffer_size: 0
2021/09/03-19:44:25.412852 ffffbeb5fe38                    Options.write_buffer_manager: 0xaaaaf59f2900
2021/09/03-19:44:25.412853 ffffbeb5fe38         Options.access_hint_on_compaction_start: 1
2021/09/03-19:44:25.412854 ffffbeb5fe38  Options.new_table_reader_for_compaction_inputs: 0
2021/09/03-19:44:25.412855 ffffbeb5fe38           Options.random_access_max_buffer_size: 1048576
2021/09/03-19:44:25.412856 ffffbeb5fe38                      Options.use_adaptive_mutex: 0
2021/09/03-19:44:25.412857 ffffbeb5fe38                            Options.rate_limiter: 0
2021/09/03-19:44:25.414401 ffffbeb5fe38     Options.sst_file_manager.rate_bytes_per_sec: 0
2021/09/03-19:44:25.414405 ffffbeb5fe38                       Options.wal_recovery_mode: 2
2021/09/03-19:44:25.414406 ffffbeb5fe38                  Options.enable_thread_tracking: 0
2021/09/03-19:44:25.414407 ffffbeb5fe38                  Options.enable_pipelined_write: 0
2021/09/03-19:44:25.414408 ffffbeb5fe38                  Options.unordered_write: 0
2021/09/03-19:44:25.414409 ffffbeb5fe38         Options.allow_concurrent_memtable_write: 1
2021/09/03-19:44:25.414410 ffffbeb5fe38      Options.enable_write_thread_adaptive_yield: 1
2021/09/03-19:44:25.414411 ffffbeb5fe38             Options.write_thread_max_yield_usec: 100
2021/09/03-19:44:25.414412 ffffbeb5fe38            Options.write_thread_slow_yield_usec: 3
2021/09/03-19:44:25.414413 ffffbeb5fe38                               Options.row_cache: None
2021/09/03-19:44:25.414414 ffffbeb5fe38                              Options.wal_filter: None
2021/09/03-19:44:25.414415 ffffbeb5fe38             Options.avoid_flush_during_recovery: 0
2021/09/03-19:44:25.415087 ffffbeb5fe38             Options.allow_ingest_behind: 0
2021/09/03-19:44:25.415090 ffffbeb5fe38             Options.preserve_deletes: 0
2021/09/03-19:44:25.415091 ffffbeb5fe38             Options.two_write_queues: 0
2021/09/03-19:44:25.415093 ffffbeb5fe38             Options.manual_wal_flush: 0
2021/09/03-19:44:25.415094 ffffbeb5fe38             Options.atomic_flush: 0
2021/09/03-19:44:25.415095 ffffbeb5fe38             Options.avoid_unnecessary_blocking_io: 0
2021/09/03-19:44:25.415096 ffffbeb5fe38                 Options.persist_stats_to_disk: 0
2021/09/03-19:44:25.415097 ffffbeb5fe38                 Options.write_dbid_to_manifest: 0
2021/09/03-19:44:25.415098 ffffbeb5fe38                 Options.log_readahead_size: 0
2021/09/03-19:44:25.415099 ffffbeb5fe38                 Options.file_checksum_gen_factory: Unknown
2021/09/03-19:44:25.415100 ffffbeb5fe38                 Options.best_efforts_recovery: 0
2021/09/03-19:44:25.415102 ffffbeb5fe38             Options.max_background_jobs: 2
2021/09/03-19:44:25.416948 ffffbeb5fe38             Options.max_background_compactions: -1
2021/09/03-19:44:25.416951 ffffbeb5fe38             Options.avoid_flush_during_shutdown: 0
2021/09/03-19:44:25.416953 ffffbeb5fe38           Options.writable_file_max_buffer_size: 1048576
2021/09/03-19:44:25.416954 ffffbeb5fe38             Options.delayed_write_rate : 16777216
2021/09/03-19:44:25.416955 ffffbeb5fe38             Options.max_total_wal_size: 0
2021/09/03-19:44:25.416956 ffffbeb5fe38             Options.delete_obsolete_files_period_micros: 21600000000
2021/09/03-19:44:25.416957 ffffbeb5fe38                   Options.stats_dump_period_sec: 600
2021/09/03-19:44:25.417030 ffffbeb5fe38                 Options.stats_persist_period_sec: 600
2021/09/03-19:44:25.417032 ffffbeb5fe38                 Options.stats_history_buffer_size: 1048576
2021/09/03-19:44:25.417033 ffffbeb5fe38                          Options.max_open_files: 300000
2021/09/03-19:44:25.417034 ffffbeb5fe38                          Options.bytes_per_sync: 0
2021/09/03-19:44:25.418518 ffffbeb5fe38                      Options.wal_bytes_per_sync: 0
2021/09/03-19:44:25.418520 ffffbeb5fe38                   Options.strict_bytes_per_sync: 0
2021/09/03-19:44:25.418521 ffffbeb5fe38       Options.compaction_readahead_size: 0
2021/09/03-19:44:25.418522 ffffbeb5fe38                  Options.max_background_flushes: -1
2021/09/03-19:44:25.418523 ffffbeb5fe38 Compression algorithms supported:
2021/09/03-19:44:25.418526 ffffbeb5fe38 	kZSTDNotFinalCompression supported: 1
2021/09/03-19:44:25.418537 ffffbeb5fe38 	kZSTD supported: 1
2021/09/03-19:44:25.418539 ffffbeb5fe38 	kXpressCompression supported: 0
2021/09/03-19:44:25.418540 ffffbeb5fe38 	kLZ4HCCompression supported: 1
2021/09/03-19:44:25.418541 ffffbeb5fe38 	kLZ4Compression supported: 1
2021/09/03-19:44:25.418542 ffffbeb5fe38 	kBZip2Compression supported: 1
2021/09/03-19:44:25.418546 ffffbeb5fe38 	kZlibCompression supported: 1
2021/09/03-19:44:25.418548 ffffbeb5fe38 	kSnappyCompression supported: 1
2021/09/03-19:44:25.418563 ffffbeb5fe38 Fast CRC32 supported: Supported on Arm64
2021/09/03-19:44:25.426506 ffffbeb5fe38 [/version_set.cc:4476] Recovering from manifest file: rocks.db/MANIFEST-002039
2021/09/03-19:44:25.428325 ffffbeb5fe38 [/column_family.cc:577] --------------- Options for column family [default]:
2021/09/03-19:44:25.428331 ffffbeb5fe38               Options.comparator: leveldb.BytewiseComparator
2021/09/03-19:44:25.428332 ffffbeb5fe38           Options.merge_operator: None
2021/09/03-19:44:25.428333 ffffbeb5fe38        Options.compaction_filter: None
2021/09/03-19:44:25.428334 ffffbeb5fe38        Options.compaction_filter_factory: None
2021/09/03-19:44:25.428335 ffffbeb5fe38         Options.memtable_factory: SkipListFactory
2021/09/03-19:44:25.428336 ffffbeb5fe38            Options.table_factory: BlockBasedTable
2021/09/03-19:44:25.428420 ffffbeb5fe38            table_factory options:   flush_block_policy_factory: FlushBlockBySizePolicyFactory (0xaaaaf575d060)
  cache_index_and_filter_blocks: 0
  cache_index_and_filter_blocks_with_high_priority: 1
  pin_l0_filter_and_index_blocks_in_cache: 0
  pin_top_level_index_and_filter: 1
  index_type: 0
  data_block_index_type: 0
  index_shortening: 1
  data_block_hash_table_util_ratio: 0.750000
  hash_index_allow_collision: 1
  checksum: 1
  no_block_cache: 0
  block_cache: 0xaaaaf5c69650
  block_cache_name: LRUCache
  block_cache_options:
    capacity : 2147483648
    num_shard_bits : 6
    strict_capacity_limit : 0
    memory_allocator : None
    high_pri_pool_ratio: 0.500
  block_cache_compressed: 0xaaaaf56ad1d0
  block_cache_name: LRUCache
  block_cache_compressed_options:
    capacity : 524288000
    num_shard_bits : 6
    strict_capacity_limit : 0
    memory_allocator : None
    high_pri_pool_ratio: 0.500
  persistent_cache: 0
  block_size: 4096
  block_size_deviation: 10
  block_restart_interval: 16
  index_block_restart_interval: 1
  metadata_block_size: 4096
  partition_filters: 0
  use_delta_encoding: 1
  filter_policy: rocksdb.BuiltinBloomFilter
  whole_key_filtering: 1
  verify_compression: 0
  read_amp_bytes_per_bit: 0
  format_version: 4
  enable_index_compression: 1
  block_align: 0
2021/09/03-19:44:25.429009 ffffbeb5fe38        Options.write_buffer_size: 67108864
2021/09/03-19:44:25.429012 ffffbeb5fe38  Options.max_write_buffer_number: 3
2021/09/03-19:44:25.429014 ffffbeb5fe38          Options.compression: Snappy
2021/09/03-19:44:25.429015 ffffbeb5fe38                  Options.bottommost_compression: Disabled
2021/09/03-19:44:25.429016 ffffbeb5fe38       Options.prefix_extractor: nullptr
2021/09/03-19:44:25.429017 ffffbeb5fe38   Options.memtable_insert_with_hint_prefix_extractor: nullptr
2021/09/03-19:44:25.429018 ffffbeb5fe38             Options.num_levels: 7
2021/09/03-19:44:25.429019 ffffbeb5fe38        Options.min_write_buffer_number_to_merge: 1
2021/09/03-19:44:25.429021 ffffbeb5fe38     Options.max_write_buffer_number_to_maintain: 0
2021/09/03-19:44:25.429021 ffffbeb5fe38     Options.max_write_buffer_size_to_maintain: 0
2021/09/03-19:44:25.429022 ffffbeb5fe38            Options.bottommost_compression_opts.window_bits: -14
2021/09/03-19:44:25.429024 ffffbeb5fe38                  Options.bottommost_compression_opts.level: 32767
2021/09/03-19:44:25.429920 ffffbeb5fe38               Options.bottommost_compression_opts.strategy: 0
2021/09/03-19:44:25.429923 ffffbeb5fe38         Options.bottommost_compression_opts.max_dict_bytes: 0
2021/09/03-19:44:25.429925 ffffbeb5fe38         Options.bottommost_compression_opts.zstd_max_train_bytes: 0
2021/09/03-19:44:25.429926 ffffbeb5fe38         Options.bottommost_compression_opts.parallel_threads: 1
2021/09/03-19:44:25.429927 ffffbeb5fe38                  Options.bottommost_compression_opts.enabled: false
2021/09/03-19:44:25.429928 ffffbeb5fe38            Options.compression_opts.window_bits: -14
2021/09/03-19:44:25.429929 ffffbeb5fe38                  Options.compression_opts.level: 32767
2021/09/03-19:44:25.429930 ffffbeb5fe38               Options.compression_opts.strategy: 0
2021/09/03-19:44:25.429931 ffffbeb5fe38         Options.compression_opts.max_dict_bytes: 0
2021/09/03-19:44:25.429932 ffffbeb5fe38         Options.compression_opts.zstd_max_train_bytes: 0
2021/09/03-19:44:25.429933 ffffbeb5fe38         Options.compression_opts.parallel_threads: 1
2021/09/03-19:44:25.431163 ffffbeb5fe38                  Options.compression_opts.enabled: false
2021/09/03-19:44:25.431165 ffffbeb5fe38      Options.level0_file_num_compaction_trigger: 4
2021/09/03-19:44:25.431166 ffffbeb5fe38          Options.level0_slowdown_writes_trigger: 20
2021/09/03-19:44:25.431167 ffffbeb5fe38              Options.level0_stop_writes_trigger: 36
2021/09/03-19:44:25.431168 ffffbeb5fe38                   Options.target_file_size_base: 67108864
2021/09/03-19:44:25.431169 ffffbeb5fe38             Options.target_file_size_multiplier: 1
2021/09/03-19:44:25.431170 ffffbeb5fe38                Options.max_bytes_for_level_base: 268435456
2021/09/03-19:44:25.431171 ffffbeb5fe38 Options.level_compaction_dynamic_level_bytes: 0
2021/09/03-19:44:25.431171 ffffbeb5fe38          Options.max_bytes_for_level_multiplier: 10.000000
2021/09/03-19:44:25.431175 ffffbeb5fe38 Options.max_bytes_for_level_multiplier_addtl[0]: 1
2021/09/03-19:44:25.431176 ffffbeb5fe38 Options.max_bytes_for_level_multiplier_addtl[1]: 1
2021/09/03-19:44:25.431933 ffffbeb5fe38 Options.max_bytes_for_level_multiplier_addtl[2]: 1
2021/09/03-19:44:25.431935 ffffbeb5fe38 Options.max_bytes_for_level_multiplier_addtl[3]: 1
2021/09/03-19:44:25.431936 ffffbeb5fe38 Options.max_bytes_for_level_multiplier_addtl[4]: 1
2021/09/03-19:44:25.431937 ffffbeb5fe38 Options.max_bytes_for_level_multiplier_addtl[5]: 1
2021/09/03-19:44:25.431939 ffffbeb5fe38 Options.max_bytes_for_level_multiplier_addtl[6]: 1
2021/09/03-19:44:25.431940 ffffbeb5fe38       Options.max_sequential_skip_in_iterations: 8
2021/09/03-19:44:25.431941 ffffbeb5fe38                    Options.max_compaction_bytes: 1677721600
2021/09/03-19:44:25.431942 ffffbeb5fe38                        Options.arena_block_size: 8388608
2021/09/03-19:44:25.431943 ffffbeb5fe38   Options.soft_pending_compaction_bytes_limit: 68719476736
2021/09/03-19:44:25.431944 ffffbeb5fe38   Options.hard_pending_compaction_bytes_limit: 274877906944
2021/09/03-19:44:25.431944 ffffbeb5fe38       Options.rate_limit_delay_max_milliseconds: 100
2021/09/03-19:44:25.432654 ffffbeb5fe38                Options.disable_auto_compactions: 0
2021/09/03-19:44:25.432664 ffffbeb5fe38                        Options.compaction_style: kCompactionStyleLevel
2021/09/03-19:44:25.432669 ffffbeb5fe38                          Options.compaction_pri: kMinOverlappingRatio
2021/09/03-19:44:25.432671 ffffbeb5fe38 Options.compaction_options_universal.size_ratio: 1
2021/09/03-19:44:25.432672 ffffbeb5fe38 Options.compaction_options_universal.min_merge_width: 2
2021/09/03-19:44:25.432673 ffffbeb5fe38 Options.compaction_options_universal.max_merge_width: 4294967295
2021/09/03-19:44:25.432674 ffffbeb5fe38 Options.compaction_options_universal.max_size_amplification_percent: 200
2021/09/03-19:44:25.432675 ffffbeb5fe38 Options.compaction_options_universal.compression_size_percent: -1
2021/09/03-19:44:25.432677 ffffbeb5fe38 Options.compaction_options_universal.stop_style: kCompactionStopStyleTotalSize
2021/09/03-19:44:25.432678 ffffbeb5fe38 Options.compaction_options_fifo.max_table_files_size: 1073741824
2021/09/03-19:44:25.433406 ffffbeb5fe38 Options.compaction_options_fifo.allow_compaction: 0
2021/09/03-19:44:25.433418 ffffbeb5fe38                   Options.table_properties_collectors: 
2021/09/03-19:44:25.433420 ffffbeb5fe38                   Options.inplace_update_support: 0
2021/09/03-19:44:25.433421 ffffbeb5fe38                 Options.inplace_update_num_locks: 10000
2021/09/03-19:44:25.433422 ffffbeb5fe38               Options.memtable_prefix_bloom_size_ratio: 0.000000
2021/09/03-19:44:25.433424 ffffbeb5fe38               Options.memtable_whole_key_filtering: 0
2021/09/03-19:44:25.433425 ffffbeb5fe38   Options.memtable_huge_page_size: 0
2021/09/03-19:44:25.433426 ffffbeb5fe38                           Options.bloom_locality: 0
2021/09/03-19:44:25.433427 ffffbeb5fe38                    Options.max_successive_merges: 0
2021/09/03-19:44:25.433427 ffffbeb5fe38                Options.optimize_filters_for_hits: 0
2021/09/03-19:44:25.433428 ffffbeb5fe38                Options.paranoid_file_checks: 0
2021/09/03-19:44:25.433430 ffffbeb5fe38                Options.force_consistency_checks: 0
2021/09/03-19:44:25.435195 ffffbeb5fe38                Options.report_bg_io_stats: 0
2021/09/03-19:44:25.435199 ffffbeb5fe38                               Options.ttl: 2592000
2021/09/03-19:44:25.435200 ffffbeb5fe38          Options.periodic_compaction_seconds: 0
2021/09/03-19:44:25.440335 ffffbeb5fe38 [/version_set.cc:4624] Recovered from manifest file:rocks.db/MANIFEST-002039 succeeded,manifest_file_number is 2039, next_file_number is 2041, last_sequence is 92, log_number is 2038,prev_log_number is 0,max_column_family is 0,min_log_number_to_keep is 0
2021/09/03-19:44:25.440342 ffffbeb5fe38 [/version_set.cc:4640] Column family [default] (ID 0), log number is 2038
2021/09/03-19:44:25.444867 ffffbeb5fe38 EVENT_LOG_v1 {"time_micros": 1630698265444831, "job": 1, "event": "recovery_started", "log_files": [2040]}
2021/09/03-19:44:25.444880 ffffbeb5fe38 [/db_impl/db_impl_open.cc:772] Recovering log #2040 mode 2
2021/09/03-19:44:25.450809 ffffbeb5fe38 [/version_set.cc:3881] Creating manifest 2042
2021/09/03-19:44:25.490698 ffffbeb5fe38 EVENT_LOG_v1 {"time_micros": 1630698265490691, "job": 1, "event": "recovery_finished"}
2021/09/03-19:44:25.554823 ffffbb9e2750 (Original Log Time 2021/09/03-19:44:25.554814) [/db_impl/db_impl_compaction_flush.cc:2671] Compaction nothing to do
2021/09/03-19:44:25.570305 ffffbeb5fe38 DB pointer 0xaaaaf5cb13c0
2021/09/03-19:44:25.571335 ffffbb99c750 [/db_impl/db_impl.cc:853] ------- DUMPING STATS -------
2021/09/03-19:44:25.571341 ffffbb99c750 [/db_impl/db_impl.cc:855] 
** DB Stats **
Uptime(secs): 0.1 total, 0.1 interval
Cumulative writes: 0 writes, 0 keys, 0 commit groups, 0.0 writes per commit group, ingest: 0.00 GB, 0.00 MB/s
Cumulative WAL: 0 writes, 0 syncs, 0.00 writes per sync, written: 0.00 GB, 0.00 MB/s
Cumulative stall: 00:00:0.000 H:M:S, 0.0 percent
Interval writes: 0 writes, 0 keys, 0 commit groups, 0.0 writes per commit group, ingest: 0.00 MB, 0.00 MB/s
Interval WAL: 0 writes, 0 syncs, 0.00 writes per sync, written: 0.00 MB, 0.00 MB/s
Interval stall: 00:00:0.000 H:M:S, 0.0 percent

** Compaction Stats [default] **
Level    Files   Size     Score Read(GB)  Rn(GB) Rnp1(GB) Write(GB) Wnew(GB) Moved(GB) W-Amp Rd(MB/s) Wr(MB/s) Comp(sec) CompMergeCPU(sec) Comp(cnt) Avg(sec) KeyIn KeyDrop
----------------------------------------------------------------------------------------------------------------------------------------------------------------------------
  L0      1/0    1.22 KB   0.2      0.0     0.0      0.0       0.0      0.0       0.0   0.0      0.0      0.0      0.00              0.00         0    0.000       0      0
  L1      2/0    2.74 KB   0.0      0.0     0.0      0.0       0.0      0.0       0.0   0.0      0.0      0.0      0.00              0.00         0    0.000       0      0
 Sum      3/0    3.95 KB   0.0      0.0     0.0      0.0       0.0      0.0       0.0   0.0      0.0      0.0      0.00              0.00         0    0.000       0      0
 Int      0/0    0.00 KB   0.0      0.0     0.0      0.0       0.0      0.0       0.0   0.0      0.0      0.0      0.00              0.00         0    0.000       0      0

** Compaction Stats [default] **
Priority    Files   Size     Score Read(GB)  Rn(GB) Rnp1(GB) Write(GB) Wnew(GB) Moved(GB) W-Amp Rd(MB/s) Wr(MB/s) Comp(sec) CompMergeCPU(sec) Comp(cnt) Avg(sec) KeyIn KeyDrop
-------------------------------------------------------------------------------------------------------------------------------------------------------------------------------
Uptime(secs): 0.1 total, 0.1 interval
Flush(GB): cumulative 0.000, interval 0.000
AddFile(GB): cumulative 0.000, interval 0.000
AddFile(Total Files): cumulative 0, interval 0
AddFile(L0 Files): cumulative 0, interval 0
AddFile(Keys): cumulative 0, interval 0
Cumulative compaction: 0.00 GB write, 0.00 MB/s write, 0.00 GB read, 0.00 MB/s read, 0.0 seconds
Interval compaction: 0.00 GB write, 0.00 MB/s write, 0.00 GB read, 0.00 MB/s read, 0.0 seconds
Stalls(count): 0 level0_slowdown, 0 level0_slowdown_with_compaction, 0 level0_numfiles, 0 level0_numfiles_with_compaction, 0 stop for pending_compaction_bytes, 0 slowdown for pending_compaction_bytes, 0 memtable_compaction, 0 memtable_slowdown, interval 0 total count

** File Read Latency Histogram By Level [default] **

** Compaction Stats [default] **
Level    Files   Size     Score Read(GB)  Rn(GB) Rnp1(GB) Write(GB) Wnew(GB) Moved(GB) W-Amp Rd(MB/s) Wr(MB/s) Comp(sec) CompMergeCPU(sec) Comp(cnt) Avg(sec) KeyIn KeyDrop
----------------------------------------------------------------------------------------------------------------------------------------------------------------------------
  L0      1/0    1.22 KB   0.2      0.0     0.0      0.0       0.0      0.0       0.0   0.0      0.0      0.0      0.00              0.00         0    0.000       0      0
  L1      2/0    2.74 KB   0.0      0.0     0.0      0.0       0.0      0.0       0.0   0.0      0.0      0.0      0.00              0.00         0    0.000       0      0
 Sum      3/0    3.95 KB   0.0      0.0     0.0      0.0       0.0      0.0       0.0   0.0      0.0      0.0      0.00              0.00         0    0.000       0      0
 Int      0/0    0.00 KB   0.0      0.0     0.0      0.0       0.0      0.0       0.0   0.0      0.0      0.0      0.00              0.00         0    0.000       0      0

** Compaction Stats [default] **
Priority    Files   Size     Score Read(GB)  Rn(GB) Rnp1(GB) Write(GB) Wnew(GB) Moved(GB) W-Amp Rd(MB/s) Wr(MB/s) Comp(sec) CompMergeCPU(sec) Comp(cnt) Avg(sec) KeyIn KeyDrop
-------------------------------------------------------------------------------------------------------------------------------------------------------------------------------
Uptime(secs): 0.1 total, 0.0 interval
Flush(GB): cumulative 0.000, interval 0.000
AddFile(GB): cumulative 0.000, interval 0.000
AddFile(Total Files): cumulative 0, interval 0
AddFile(L0 Files): cumulative 0, interval 0
AddFile(Keys): cumulative 0, interval 0
Cumulative compaction: 0.00 GB write, 0.00 MB/s write, 0.00 GB read, 0.00 MB/s read, 0.0 seconds
Interval compaction: 0.00 GB write, 0.00 MB/s write, 0.00 GB read, 0.00 MB/s read, 0.0 seconds
Stalls(count): 0 level0_slowdown, 0 level0_slowdown_with_compaction, 0 level0_numfiles, 0 level0_numfiles_with_compaction, 0 stop for pending_compaction_bytes, 0 slowdown for pending_compaction_bytes, 0 memtable_compaction, 0 memtable_slowdown, interval 0 total count

** File Read Latency Histogram By Level [default] **
2021/09/03-19:54:25.586918 ffffbb99c750 [/db_impl/db_impl.cc:853] ------- DUMPING STATS -------
2021/09/03-19:54:25.589432 ffffbb99c750 [/db_impl/db_impl.cc:855] 
** DB Stats **
Uptime(secs): 600.2 total, 600.0 interval
Cumulative writes: 1 writes, 1 keys, 1 commit groups, 0.5 writes per commit group, ingest: 0.00 GB, 0.00 MB/s
Cumulative WAL: 1 writes, 0 syncs, 1.00 writes per sync, written: 0.00 GB, 0.00 MB/s
Cumulative stall: 00:00:0.000 H:M:S, 0.0 percent
Interval writes: 1 writes, 1 keys, 1 commit groups, 0.5 writes per commit group, ingest: 0.00 MB, 0.00 MB/s
Interval WAL: 1 writes, 0 syncs, 1.00 writes per sync, written: 0.00 MB, 0.00 MB/s
Interval stall: 00:00:0.000 H:M:S, 0.0 percent

** Compaction Stats [default] **
Level    Files   Size     Score Read(GB)  Rn(GB) Rnp1(GB) Write(GB) Wnew(GB) Moved(GB) W-Amp Rd(MB/s) Wr(MB/s) Comp(sec) CompMergeCPU(sec) Comp(cnt) Avg(sec) KeyIn KeyDrop
----------------------------------------------------------------------------------------------------------------------------------------------------------------------------
  L0      1/0    1.22 KB   0.2      0.0     0.0      0.0       0.0      0.0       0.0   0.0      0.0      0.0      0.00              0.00         0    0.000       0      0
  L1      2/0    2.74 KB   0.0      0.0     0.0      0.0       0.0      0.0       0.0   0.0      0.0      0.0      0.00              0.00         0    0.000       0      0
 Sum      3/0    3.95 KB   0.0      0.0     0.0      0.0       0.0      0.0       0.0   0.0      0.0      0.0      0.00              0.00         0    0.000       0      0
 Int      0/0    0.00 KB   0.0      0.0     0.0      0.0       0.0      0.0       0.0   0.0      0.0      0.0      0.00              0.00         0    0.000       0      0

** Compaction Stats [default] **
Priority    Files   Size     Score Read(GB)  Rn(GB) Rnp1(GB) Write(GB) Wnew(GB) Moved(GB) W-Amp Rd(MB/s) Wr(MB/s) Comp(sec) CompMergeCPU(sec) Comp(cnt) Avg(sec) KeyIn KeyDrop
-------------------------------------------------------------------------------------------------------------------------------------------------------------------------------
Uptime(secs): 600.2 total, 600.0 interval
Flush(GB): cumulative 0.000, interval 0.000
AddFile(GB): cumulative 0.000, interval 0.000
AddFile(Total Files): cumulative 0, interval 0
AddFile(L0 Files): cumulative 0, interval 0
AddFile(Keys): cumulative 0, interval 0
Cumulative compaction: 0.00 GB write, 0.00 MB/s write, 0.00 GB read, 0.00 MB/s read, 0.0 seconds
Interval compaction: 0.00 GB write, 0.00 MB/s write, 0.00 GB read, 0.00 MB/s read, 0.0 seconds
Stalls(count): 0 level0_slowdown, 0 level0_slowdown_with_compaction, 0 level0_numfiles, 0 level0_numfiles_with_compaction, 0 stop for pending_compaction_bytes, 0 slowdown for pending_compaction_bytes, 0 memtable_compaction, 0 memtable_slowdown, interval 0 total count

** File Read Latency Histogram By Level [default] **

** Compaction Stats [default] **
Level    Files   Size     Score Read(GB)  Rn(GB) Rnp1(GB) Write(GB) Wnew(GB) Moved(GB) W-Amp Rd(MB/s) Wr(MB/s) Comp(sec) CompMergeCPU(sec) Comp(cnt) Avg(sec) KeyIn KeyDrop
----------------------------------------------------------------------------------------------------------------------------------------------------------------------------
  L0      1/0    1.22 KB   0.2      0.0     0.0      0.0       0.0      0.0       0.0   0.0      0.0      0.0      0.00              0.00         0    0.000       0      0
  L1      2/0    2.74 KB   0.0      0.0     0.0      0.0       0.0      0.0       0.0   0.0      0.0      0.0      0.00              0.00         0    0.000       0      0
 Sum      3/0    3.95 KB   0.0      0.0     0.0      0.0       0.0      0.0       0.0   0.0      0.0      0.0      0.00              0.00         0    0.000       0      0
 Int      0/0    0.00 KB   0.0      0.0     0.0      0.0       0.0      0.0       0.0   0.0      0.0      0.0      0.00              0.00         0    0.000       0      0

** Compaction Stats [default] **
Priority    Files   Size     Score Read(GB)  Rn(GB) Rnp1(GB) Write(GB) Wnew(GB) Moved(GB) W-Amp Rd(MB/s) Wr(MB/s) Comp(sec) CompMergeCPU(sec) Comp(cnt) Avg(sec) KeyIn KeyDrop
-------------------------------------------------------------------------------------------------------------------------------------------------------------------------------
Uptime(secs): 600.2 total, 0.0 interval
Flush(GB): cumulative 0.000, interval 0.000
AddFile(GB): cumulative 0.000, interval 0.000
AddFile(Total Files): cumulative 0, interval 0
AddFile(L0 Files): cumulative 0, interval 0
AddFile(Keys): cumulative 0, interval 0
Cumulative compaction: 0.00 GB write, 0.00 MB/s write, 0.00 GB read, 0.00 MB/s read, 0.0 seconds
Interval compaction: 0.00 GB write, 0.00 MB/s write, 0.00 GB read, 0.00 MB/s read, 0.0 seconds
Stalls(count): 0 level0_slowdown, 0 level0_slowdown_with_compaction, 0 level0_numfiles, 0 level0_numfiles_with_compaction, 0 stop for pending_compaction_bytes, 0 slowdown for pending_compaction_bytes, 0 memtable_compaction, 0 memtable_slowdown, interval 0 total count

** File Read Latency Histogram By Level [default] **
2021/09/03-20:04:25.593025 ffffbb99c750 [/db_impl/db_impl.cc:853] ------- DUMPING STATS -------
2021/09/03-20:04:25.600266 ffffbb99c750 [/db_impl/db_impl.cc:855] 
** DB Stats **
Uptime(secs): 1200.2 total, 600.0 interval
Cumulative writes: 1 writes, 1 keys, 1 commit groups, 0.5 writes per commit group, ingest: 0.00 GB, 0.00 MB/s
Cumulative WAL: 1 writes, 0 syncs, 1.00 writes per sync, written: 0.00 GB, 0.00 MB/s
Cumulative stall: 00:00:0.000 H:M:S, 0.0 percent
Interval writes: 0 writes, 0 keys, 0 commit groups, 0.0 writes per commit group, ingest: 0.00 MB, 0.00 MB/s
Interval WAL: 0 writes, 0 syncs, 0.00 writes per sync, written: 0.00 MB, 0.00 MB/s
Interval stall: 00:00:0.000 H:M:S, 0.0 percent

** Compaction Stats [default] **
Level    Files   Size     Score Read(GB)  Rn(GB) Rnp1(GB) Write(GB) Wnew(GB) Moved(GB) W-Amp Rd(MB/s) Wr(MB/s) Comp(sec) CompMergeCPU(sec) Comp(cnt) Avg(sec) KeyIn KeyDrop
----------------------------------------------------------------------------------------------------------------------------------------------------------------------------
  L0      1/0    1.22 KB   0.2      0.0     0.0      0.0       0.0      0.0       0.0   0.0      0.0      0.0      0.00              0.00         0    0.000       0      0
  L1      2/0    2.74 KB   0.0      0.0     0.0      0.0       0.0      0.0       0.0   0.0      0.0      0.0      0.00              0.00         0    0.000       0      0
 Sum      3/0    3.95 KB   0.0      0.0     0.0      0.0       0.0      0.0       0.0   0.0      0.0      0.0      0.00              0.00         0    0.000       0      0
 Int      0/0    0.00 KB   0.0      0.0     0.0      0.0       0.0      0.0       0.0   0.0      0.0      0.0      0.00              0.00         0    0.000       0      0

** Compaction Stats [default] **
Priority    Files   Size     Score Read(GB)  Rn(GB) Rnp1(GB) Write(GB) Wnew(GB) Moved(GB) W-Amp Rd(MB/s) Wr(MB/s) Comp(sec) CompMergeCPU(sec) Comp(cnt) Avg(sec) KeyIn KeyDrop
-------------------------------------------------------------------------------------------------------------------------------------------------------------------------------
Uptime(secs): 1200.2 total, 600.0 interval
Flush(GB): cumulative 0.000, interval 0.000
AddFile(GB): cumulative 0.000, interval 0.000
AddFile(Total Files): cumulative 0, interval 0
AddFile(L0 Files): cumulative 0, interval 0
AddFile(Keys): cumulative 0, interval 0
Cumulative compaction: 0.00 GB write, 0.00 MB/s write, 0.00 GB read, 0.00 MB/s read, 0.0 seconds
Interval compaction: 0.00 GB write, 0.00 MB/s write, 0.00 GB read, 0.00 MB/s read, 0.0 seconds
Stalls(count): 0 level0_slowdown, 0 level0_slowdown_with_compaction, 0 level0_numfiles, 0 level0_numfiles_with_compaction, 0 stop for pending_compaction_bytes, 0 slowdown for pending_compaction_bytes, 0 memtable_compaction, 0 memtable_slowdown, interval 0 total count

** File Read Latency Histogram By Level [default] **

** Compaction Stats [default] **
Level    Files   Size     Score Read(GB)  Rn(GB) Rnp1(GB) Write(GB) Wnew(GB) Moved(GB) W-Amp Rd(MB/s) Wr(MB/s) Comp(sec) CompMergeCPU(sec) Comp(cnt) Avg(sec) KeyIn KeyDrop
----------------------------------------------------------------------------------------------------------------------------------------------------------------------------
  L0      1/0    1.22 KB   0.2      0.0     0.0      0.0       0.0      0.0       0.0   0.0      0.0      0.0      0.00              0.00         0    0.000       0      0
  L1      2/0    2.74 KB   0.0      0.0     0.0      0.0       0.0      0.0       0.0   0.0      0.0      0.0      0.00              0.00         0    0.000       0      0
 Sum      3/0    3.95 KB   0.0      0.0     0.0      0.0       0.0      0.0       0.0   0.0      0.0      0.0      0.00              0.00         0    0.000       0      0
 Int      0/0    0.00 KB   0.0      0.0     0.0      0.0       0.0      0.0       0.0   0.0      0.0      0.0      0.00              0.00         0    0.000       0      0

** Compaction Stats [default] **
Priority    Files   Size     Score Read(GB)  Rn(GB) Rnp1(GB) Write(GB) Wnew(GB) Moved(GB) W-Amp Rd(MB/s) Wr(MB/s) Comp(sec) CompMergeCPU(sec) Comp(cnt) Avg(sec) KeyIn KeyDrop
-------------------------------------------------------------------------------------------------------------------------------------------------------------------------------
Uptime(secs): 1200.2 total, 0.0 interval
Flush(GB): cumulative 0.000, interval 0.000
AddFile(GB): cumulative 0.000, interval 0.000
AddFile(Total Files): cumulative 0, interval 0
AddFile(L0 Files): cumulative 0, interval 0
AddFile(Keys): cumulative 0, interval 0
Cumulative compaction: 0.00 GB write, 0.00 MB/s write, 0.00 GB read, 0.00 MB/s read, 0.0 seconds
Interval compaction: 0.00 GB write, 0.00 MB/s write, 0.00 GB read, 0.00 MB/s read, 0.0 seconds
Stalls(count): 0 level0_slowdown, 0 level0_slowdown_with_compaction, 0 level0_numfiles, 0 level0_numfiles_with_compaction, 0 stop for pending_compaction_bytes, 0 slowdown for pending_compaction_bytes, 0 memtable_compaction, 0 memtable_slowdown, interval 0 total count

** File Read Latency Histogram By Level [default] **
2021/09/03-20:14:25.603803 ffffbb99c750 [/db_impl/db_impl.cc:853] ------- DUMPING STATS -------
2021/09/03-20:14:25.609921 ffffbb99c750 [/db_impl/db_impl.cc:855] 
** DB Stats **
Uptime(secs): 1800.2 total, 600.0 interval
Cumulative writes: 1 writes, 1 keys, 1 commit groups, 0.5 writes per commit group, ingest: 0.00 GB, 0.00 MB/s
Cumulative WAL: 1 writes, 0 syncs, 1.00 writes per sync, written: 0.00 GB, 0.00 MB/s
Cumulative stall: 00:00:0.000 H:M:S, 0.0 percent
Interval writes: 0 writes, 0 keys, 0 commit groups, 0.0 writes per commit group, ingest: 0.00 MB, 0.00 MB/s
Interval WAL: 0 writes, 0 syncs, 0.00 writes per sync, written: 0.00 MB, 0.00 MB/s
Interval stall: 00:00:0.000 H:M:S, 0.0 percent

** Compaction Stats [default] **
Level    Files   Size     Score Read(GB)  Rn(GB) Rnp1(GB) Write(GB) Wnew(GB) Moved(GB) W-Amp Rd(MB/s) Wr(MB/s) Comp(sec) CompMergeCPU(sec) Comp(cnt) Avg(sec) KeyIn KeyDrop
----------------------------------------------------------------------------------------------------------------------------------------------------------------------------
  L0      1/0    1.22 KB   0.2      0.0     0.0      0.0       0.0      0.0       0.0   0.0      0.0      0.0      0.00              0.00         0    0.000       0      0
  L1      2/0    2.74 KB   0.0      0.0     0.0      0.0       0.0      0.0       0.0   0.0      0.0      0.0      0.00              0.00         0    0.000       0      0
 Sum      3/0    3.95 KB   0.0      0.0     0.0      0.0       0.0      0.0       0.0   0.0      0.0      0.0      0.00              0.00         0    0.000       0      0
 Int      0/0    0.00 KB   0.0      0.0     0.0      0.0       0.0      0.0       0.0   0.0      0.0      0.0      0.00              0.00         0    0.000       0      0

** Compaction Stats [default] **
Priority    Files   Size     Score Read(GB)  Rn(GB) Rnp1(GB) Write(GB) Wnew(GB) Moved(GB) W-Amp Rd(MB/s) Wr(MB/s) Comp(sec) CompMergeCPU(sec) Comp(cnt) Avg(sec) KeyIn KeyDrop
-------------------------------------------------------------------------------------------------------------------------------------------------------------------------------
Uptime(secs): 1800.2 total, 600.0 interval
Flush(GB): cumulative 0.000, interval 0.000
AddFile(GB): cumulative 0.000, interval 0.000
AddFile(Total Files): cumulative 0, interval 0
AddFile(L0 Files): cumulative 0, interval 0
AddFile(Keys): cumulative 0, interval 0
Cumulative compaction: 0.00 GB write, 0.00 MB/s write, 0.00 GB read, 0.00 MB/s read, 0.0 seconds
Interval compaction: 0.00 GB write, 0.00 MB/s write, 0.00 GB read, 0.00 MB/s read, 0.0 seconds
Stalls(count): 0 level0_slowdown, 0 level0_slowdown_with_compaction, 0 level0_numfiles, 0 level0_numfiles_with_compaction, 0 stop for pending_compaction_bytes, 0 slowdown for pending_compaction_bytes, 0 memtable_compaction, 0 memtable_slowdown, interval 0 total count

** File Read Latency Histogram By Level [default] **

** Compaction Stats [default] **
Level    Files   Size     Score Read(GB)  Rn(GB) Rnp1(GB) Write(GB) Wnew(GB) Moved(GB) W-Amp Rd(MB/s) Wr(MB/s) Comp(sec) CompMergeCPU(sec) Comp(cnt) Avg(sec) KeyIn KeyDrop
----------------------------------------------------------------------------------------------------------------------------------------------------------------------------
  L0      1/0    1.22 KB   0.2      0.0     0.0      0.0       0.0      0.0       0.0   0.0      0.0      0.0      0.00              0.00         0    0.000       0      0
  L1      2/0    2.74 KB   0.0      0.0     0.0      0.0       0.0      0.0       0.0   0.0      0.0      0.0      0.00              0.00         0    0.000       0      0
 Sum      3/0    3.95 KB   0.0      0.0     0.0      0.0       0.0      0.0       0.0   0.0      0.0      0.0      0.00              0.00         0    0.000       0      0
 Int      0/0    0.00 KB   0.0      0.0     0.0      0.0       0.0      0.0       0.0   0.0      0.0      0.0      0.00              0.00         0    0.000       0      0

** Compaction Stats [default] **
Priority    Files   Size     Score Read(GB)  Rn(GB) Rnp1(GB) Write(GB) Wnew(GB) Moved(GB) W-Amp Rd(MB/s) Wr(MB/s) Comp(sec) CompMergeCPU(sec) Comp(cnt) Avg(sec) KeyIn KeyDrop
-------------------------------------------------------------------------------------------------------------------------------------------------------------------------------
Uptime(secs): 1800.2 total, 0.0 interval
Flush(GB): cumulative 0.000, interval 0.000
AddFile(GB): cumulative 0.000, interval 0.000
AddFile(Total Files): cumulative 0, interval 0
AddFile(L0 Files): cumulative 0, interval 0
AddFile(Keys): cumulative 0, interval 0
Cumulative compaction: 0.00 GB write, 0.00 MB/s write, 0.00 GB read, 0.00 MB/s read, 0.0 seconds
Interval compaction: 0.00 GB write, 0.00 MB/s write, 0.00 GB read, 0.00 MB/s read, 0.0 seconds
Stalls(count): 0 level0_slowdown, 0 level0_slowdown_with_compaction, 0 level0_numfiles, 0 level0_numfiles_with_compaction, 0 stop for pending_compaction_bytes, 0 slowdown for pending_compaction_bytes, 0 memtable_compaction, 0 memtable_slowdown, interval 0 total count

** File Read Latency Histogram By Level [default] **
2021/09/03-20:24:25.613867 ffffbb99c750 [/db_impl/db_impl.cc:853] ------- DUMPING STATS -------
2021/09/03-20:24:25.618152 ffffbb99c750 [/db_impl/db_impl.cc:855] 
** DB Stats **
Uptime(secs): 2400.2 total, 600.0 interval
Cumulative writes: 1 writes, 1 keys, 1 commit groups, 0.5 writes per commit group, ingest: 0.00 GB, 0.00 MB/s
Cumulative WAL: 1 writes, 0 syncs, 1.00 writes per sync, written: 0.00 GB, 0.00 MB/s
Cumulative stall: 00:00:0.000 H:M:S, 0.0 percent
Interval writes: 0 writes, 0 keys, 0 commit groups, 0.0 writes per commit group, ingest: 0.00 MB, 0.00 MB/s
Interval WAL: 0 writes, 0 syncs, 0.00 writes per sync, written: 0.00 MB, 0.00 MB/s
Interval stall: 00:00:0.000 H:M:S, 0.0 percent

** Compaction Stats [default] **
Level    Files   Size     Score Read(GB)  Rn(GB) Rnp1(GB) Write(GB) Wnew(GB) Moved(GB) W-Amp Rd(MB/s) Wr(MB/s) Comp(sec) CompMergeCPU(sec) Comp(cnt) Avg(sec) KeyIn KeyDrop
