2021/08/19-02:34:35.421099 ffff9caede38 RocksDB version: 6.10.2
2021/08/19-02:34:35.422775 ffff9caede38 Git sha rocksdb_build_git_sha:1482c8697c260cc12f7fce9f15401a85330d2ff1
2021/08/19-02:34:35.422778 ffff9caede38 Compile date Aug 19 2021
2021/08/19-02:34:35.422806 ffff9caede38 DB SUMMARY
2021/08/19-02:34:35.423633 ffff9caede38 CURRENT file:  CURRENT
2021/08/19-02:34:35.423635 ffff9caede38 IDENTITY file:  IDENTITY
2021/08/19-02:34:35.424130 ffff9caede38 MANIFEST file:  MANIFEST-001259 size: 314 Bytes
2021/08/19-02:34:35.424133 ffff9caede38 SST files in rocks.db dir, Total Num: 3, files: 000946.sst 001056.sst 001060.sst 
2021/08/19-02:34:35.424135 ffff9caede38 Write Ahead Log file in rocks.db: 001260.log size: 0 ; 
2021/08/19-02:34:35.424148 ffff9caede38                         Options.error_if_exists: 0
2021/08/19-02:34:35.424149 ffff9caede38                       Options.create_if_missing: 1
2021/08/19-02:34:35.424150 ffff9caede38                         Options.paranoid_checks: 1
2021/08/19-02:34:35.424151 ffff9caede38                                     Options.env: 0xffff9a3cc7a0
2021/08/19-02:34:35.424896 ffff9caede38                                      Options.fs: Posix File System
2021/08/19-02:34:35.424899 ffff9caede38                                Options.info_log: 0xaaab0e99f060
2021/08/19-02:34:35.424901 ffff9caede38                Options.max_file_opening_threads: 16
2021/08/19-02:34:35.424902 ffff9caede38                              Options.statistics: 0
2021/08/19-02:34:35.424903 ffff9caede38                               Options.use_fsync: 0
2021/08/19-02:34:35.424903 ffff9caede38                       Options.max_log_file_size: 0
2021/08/19-02:34:35.424904 ffff9caede38                  Options.max_manifest_file_size: 1073741824
2021/08/19-02:34:35.424905 ffff9caede38                   Options.log_file_time_to_roll: 0
2021/08/19-02:34:35.424906 ffff9caede38                       Options.keep_log_file_num: 1000
2021/08/19-02:34:35.424907 ffff9caede38                    Options.recycle_log_file_num: 0
2021/08/19-02:34:35.424909 ffff9caede38                         Options.allow_fallocate: 1
2021/08/19-02:34:35.425358 ffff9caede38                        Options.allow_mmap_reads: 0
2021/08/19-02:34:35.425360 ffff9caede38                       Options.allow_mmap_writes: 0
2021/08/19-02:34:35.425361 ffff9caede38                        Options.use_direct_reads: 0
2021/08/19-02:34:35.425362 ffff9caede38                        Options.use_direct_io_for_flush_and_compaction: 0
2021/08/19-02:34:35.425363 ffff9caede38          Options.create_missing_column_families: 0
2021/08/19-02:34:35.425364 ffff9caede38                              Options.db_log_dir: 
2021/08/19-02:34:35.425365 ffff9caede38                                 Options.wal_dir: rocks.db
2021/08/19-02:34:35.425366 ffff9caede38                Options.table_cache_numshardbits: 6
2021/08/19-02:34:35.425367 ffff9caede38                      Options.max_subcompactions: 1
2021/08/19-02:34:35.425368 ffff9caede38                         Options.WAL_ttl_seconds: 0
2021/08/19-02:34:35.425369 ffff9caede38                       Options.WAL_size_limit_MB: 0
2021/08/19-02:34:35.425798 ffff9caede38                        Options.max_write_batch_group_size_bytes: 1048576
2021/08/19-02:34:35.425800 ffff9caede38             Options.manifest_preallocation_size: 4194304
2021/08/19-02:34:35.425801 ffff9caede38                     Options.is_fd_close_on_exec: 1
2021/08/19-02:34:35.425802 ffff9caede38                   Options.advise_random_on_open: 1
2021/08/19-02:34:35.425803 ffff9caede38                    Options.db_write_buffer_size: 0
2021/08/19-02:34:35.425804 ffff9caede38                    Options.write_buffer_manager: 0xaaab0e6d32e0
2021/08/19-02:34:35.425805 ffff9caede38         Options.access_hint_on_compaction_start: 1
2021/08/19-02:34:35.425806 ffff9caede38  Options.new_table_reader_for_compaction_inputs: 0
2021/08/19-02:34:35.425807 ffff9caede38           Options.random_access_max_buffer_size: 1048576
2021/08/19-02:34:35.425807 ffff9caede38                      Options.use_adaptive_mutex: 0
2021/08/19-02:34:35.425808 ffff9caede38                            Options.rate_limiter: 0
2021/08/19-02:34:35.426185 ffff9caede38     Options.sst_file_manager.rate_bytes_per_sec: 0
2021/08/19-02:34:35.426187 ffff9caede38                       Options.wal_recovery_mode: 2
2021/08/19-02:34:35.426188 ffff9caede38                  Options.enable_thread_tracking: 0
2021/08/19-02:34:35.426189 ffff9caede38                  Options.enable_pipelined_write: 0
2021/08/19-02:34:35.426189 ffff9caede38                  Options.unordered_write: 0
2021/08/19-02:34:35.426190 ffff9caede38         Options.allow_concurrent_memtable_write: 1
2021/08/19-02:34:35.426191 ffff9caede38      Options.enable_write_thread_adaptive_yield: 1
2021/08/19-02:34:35.426192 ffff9caede38             Options.write_thread_max_yield_usec: 100
2021/08/19-02:34:35.426193 ffff9caede38            Options.write_thread_slow_yield_usec: 3
2021/08/19-02:34:35.426194 ffff9caede38                               Options.row_cache: None
2021/08/19-02:34:35.426195 ffff9caede38                              Options.wal_filter: None
2021/08/19-02:34:35.426196 ffff9caede38             Options.avoid_flush_during_recovery: 0
2021/08/19-02:34:35.426686 ffff9caede38             Options.allow_ingest_behind: 0
2021/08/19-02:34:35.426687 ffff9caede38             Options.preserve_deletes: 0
2021/08/19-02:34:35.426688 ffff9caede38             Options.two_write_queues: 0
2021/08/19-02:34:35.426689 ffff9caede38             Options.manual_wal_flush: 0
2021/08/19-02:34:35.426690 ffff9caede38             Options.atomic_flush: 0
2021/08/19-02:34:35.426691 ffff9caede38             Options.avoid_unnecessary_blocking_io: 0
2021/08/19-02:34:35.426692 ffff9caede38                 Options.persist_stats_to_disk: 0
2021/08/19-02:34:35.426693 ffff9caede38                 Options.write_dbid_to_manifest: 0
2021/08/19-02:34:35.426694 ffff9caede38                 Options.log_readahead_size: 0
2021/08/19-02:34:35.426695 ffff9caede38                 Options.file_checksum_gen_factory: Unknown
2021/08/19-02:34:35.426696 ffff9caede38                 Options.best_efforts_recovery: 0
2021/08/19-02:34:35.426697 ffff9caede38             Options.max_background_jobs: 2
2021/08/19-02:34:35.427213 ffff9caede38             Options.max_background_compactions: -1
2021/08/19-02:34:35.427214 ffff9caede38             Options.avoid_flush_during_shutdown: 0
2021/08/19-02:34:35.427215 ffff9caede38           Options.writable_file_max_buffer_size: 1048576
2021/08/19-02:34:35.427216 ffff9caede38             Options.delayed_write_rate : 16777216
2021/08/19-02:34:35.427217 ffff9caede38             Options.max_total_wal_size: 0
2021/08/19-02:34:35.427218 ffff9caede38             Options.delete_obsolete_files_period_micros: 21600000000
2021/08/19-02:34:35.427219 ffff9caede38                   Options.stats_dump_period_sec: 600
2021/08/19-02:34:35.427220 ffff9caede38                 Options.stats_persist_period_sec: 600
2021/08/19-02:34:35.427221 ffff9caede38                 Options.stats_history_buffer_size: 1048576
2021/08/19-02:34:35.427222 ffff9caede38                          Options.max_open_files: 300000
2021/08/19-02:34:35.427223 ffff9caede38                          Options.bytes_per_sync: 0
2021/08/19-02:34:35.427667 ffff9caede38                      Options.wal_bytes_per_sync: 0
2021/08/19-02:34:35.427670 ffff9caede38                   Options.strict_bytes_per_sync: 0
2021/08/19-02:34:35.427672 ffff9caede38       Options.compaction_readahead_size: 0
2021/08/19-02:34:35.427673 ffff9caede38                  Options.max_background_flushes: -1
2021/08/19-02:34:35.427674 ffff9caede38 Compression algorithms supported:
2021/08/19-02:34:35.427676 ffff9caede38 	kZSTDNotFinalCompression supported: 1
2021/08/19-02:34:35.427677 ffff9caede38 	kZSTD supported: 1
2021/08/19-02:34:35.427678 ffff9caede38 	kXpressCompression supported: 0
2021/08/19-02:34:35.427679 ffff9caede38 	kLZ4HCCompression supported: 1
2021/08/19-02:34:35.427681 ffff9caede38 	kLZ4Compression supported: 1
2021/08/19-02:34:35.427682 ffff9caede38 	kBZip2Compression supported: 1
2021/08/19-02:34:35.427683 ffff9caede38 	kZlibCompression supported: 1
2021/08/19-02:34:35.427683 ffff9caede38 	kSnappyCompression supported: 1
2021/08/19-02:34:35.427748 ffff9caede38 Fast CRC32 supported: Supported on Arm64
2021/08/19-02:34:35.432717 ffff9caede38 [/version_set.cc:4476] Recovering from manifest file: rocks.db/MANIFEST-001259
2021/08/19-02:34:35.438632 ffff9caede38 [/column_family.cc:577] --------------- Options for column family [default]:
2021/08/19-02:34:35.438635 ffff9caede38               Options.comparator: leveldb.BytewiseComparator
2021/08/19-02:34:35.438636 ffff9caede38           Options.merge_operator: None
2021/08/19-02:34:35.438637 ffff9caede38        Options.compaction_filter: None
2021/08/19-02:34:35.438638 ffff9caede38        Options.compaction_filter_factory: None
2021/08/19-02:34:35.438639 ffff9caede38         Options.memtable_factory: SkipListFactory
2021/08/19-02:34:35.438640 ffff9caede38            Options.table_factory: BlockBasedTable
2021/08/19-02:34:35.438686 ffff9caede38            table_factory options:   flush_block_policy_factory: FlushBlockBySizePolicyFactory (0xaaab0e77d060)
  cache_index_and_filter_blocks: 0
  cache_index_and_filter_blocks_with_high_priority: 1
  pin_l0_filter_and_index_blocks_in_cache: 0
  pin_top_level_index_and_filter: 1
  index_type: 0
  data_block_index_type: 0
  index_shortening: 1
  data_block_hash_table_util_ratio: 0.750000
  hash_index_allow_collision: 1
  checksum: 1
  no_block_cache: 0
  block_cache: 0xaaab0ec824f0
  block_cache_name: LRUCache
  block_cache_options:
    capacity : 2147483648
    num_shard_bits : 6
    strict_capacity_limit : 0
    memory_allocator : None
    high_pri_pool_ratio: 0.500
  block_cache_compressed: 0xaaab0e8b5030
  block_cache_name: LRUCache
  block_cache_compressed_options:
    capacity : 524288000
    num_shard_bits : 6
    strict_capacity_limit : 0
    memory_allocator : None
    high_pri_pool_ratio: 0.500
  persistent_cache: 0
  block_size: 4096
  block_size_deviation: 10
  block_restart_interval: 16
  index_block_restart_interval: 1
  metadata_block_size: 4096
  partition_filters: 0
  use_delta_encoding: 1
  filter_policy: rocksdb.BuiltinBloomFilter
  whole_key_filtering: 1
  verify_compression: 0
  read_amp_bytes_per_bit: 0
  format_version: 4
  enable_index_compression: 1
  block_align: 0
2021/08/19-02:34:35.439966 ffff9caede38        Options.write_buffer_size: 67108864
2021/08/19-02:34:35.439968 ffff9caede38  Options.max_write_buffer_number: 3
2021/08/19-02:34:35.439969 ffff9caede38          Options.compression: Snappy
2021/08/19-02:34:35.439970 ffff9caede38                  Options.bottommost_compression: Disabled
2021/08/19-02:34:35.439971 ffff9caede38       Options.prefix_extractor: nullptr
2021/08/19-02:34:35.439973 ffff9caede38   Options.memtable_insert_with_hint_prefix_extractor: nullptr
2021/08/19-02:34:35.439974 ffff9caede38             Options.num_levels: 7
2021/08/19-02:34:35.439975 ffff9caede38        Options.min_write_buffer_number_to_merge: 1
2021/08/19-02:34:35.439976 ffff9caede38     Options.max_write_buffer_number_to_maintain: 0
2021/08/19-02:34:35.439976 ffff9caede38     Options.max_write_buffer_size_to_maintain: 0
2021/08/19-02:34:35.439977 ffff9caede38            Options.bottommost_compression_opts.window_bits: -14
2021/08/19-02:34:35.440066 ffff9caede38                  Options.bottommost_compression_opts.level: 32767
2021/08/19-02:34:35.440482 ffff9caede38               Options.bottommost_compression_opts.strategy: 0
2021/08/19-02:34:35.440485 ffff9caede38         Options.bottommost_compression_opts.max_dict_bytes: 0
2021/08/19-02:34:35.440486 ffff9caede38         Options.bottommost_compression_opts.zstd_max_train_bytes: 0
2021/08/19-02:34:35.440487 ffff9caede38         Options.bottommost_compression_opts.parallel_threads: 1
2021/08/19-02:34:35.440488 ffff9caede38                  Options.bottommost_compression_opts.enabled: false
2021/08/19-02:34:35.440489 ffff9caede38            Options.compression_opts.window_bits: -14
2021/08/19-02:34:35.440490 ffff9caede38                  Options.compression_opts.level: 32767
2021/08/19-02:34:35.440491 ffff9caede38               Options.compression_opts.strategy: 0
2021/08/19-02:34:35.440492 ffff9caede38         Options.compression_opts.max_dict_bytes: 0
2021/08/19-02:34:35.440493 ffff9caede38         Options.compression_opts.zstd_max_train_bytes: 0
2021/08/19-02:34:35.440494 ffff9caede38         Options.compression_opts.parallel_threads: 1
2021/08/19-02:34:35.440899 ffff9caede38                  Options.compression_opts.enabled: false
2021/08/19-02:34:35.440901 ffff9caede38      Options.level0_file_num_compaction_trigger: 4
2021/08/19-02:34:35.440903 ffff9caede38          Options.level0_slowdown_writes_trigger: 20
2021/08/19-02:34:35.440904 ffff9caede38              Options.level0_stop_writes_trigger: 36
2021/08/19-02:34:35.440905 ffff9caede38                   Options.target_file_size_base: 67108864
2021/08/19-02:34:35.440906 ffff9caede38             Options.target_file_size_multiplier: 1
2021/08/19-02:34:35.440907 ffff9caede38                Options.max_bytes_for_level_base: 268435456
2021/08/19-02:34:35.440908 ffff9caede38 Options.level_compaction_dynamic_level_bytes: 0
2021/08/19-02:34:35.440909 ffff9caede38          Options.max_bytes_for_level_multiplier: 10.000000
2021/08/19-02:34:35.440911 ffff9caede38 Options.max_bytes_for_level_multiplier_addtl[0]: 1
2021/08/19-02:34:35.440912 ffff9caede38 Options.max_bytes_for_level_multiplier_addtl[1]: 1
2021/08/19-02:34:35.441248 ffff9caede38 Options.max_bytes_for_level_multiplier_addtl[2]: 1
2021/08/19-02:34:35.441295 ffff9caede38 Options.max_bytes_for_level_multiplier_addtl[3]: 1
2021/08/19-02:34:35.441297 ffff9caede38 Options.max_bytes_for_level_multiplier_addtl[4]: 1
2021/08/19-02:34:35.441298 ffff9caede38 Options.max_bytes_for_level_multiplier_addtl[5]: 1
2021/08/19-02:34:35.441299 ffff9caede38 Options.max_bytes_for_level_multiplier_addtl[6]: 1
2021/08/19-02:34:35.441300 ffff9caede38       Options.max_sequential_skip_in_iterations: 8
2021/08/19-02:34:35.441301 ffff9caede38                    Options.max_compaction_bytes: 1677721600
2021/08/19-02:34:35.441302 ffff9caede38                        Options.arena_block_size: 8388608
2021/08/19-02:34:35.441303 ffff9caede38   Options.soft_pending_compaction_bytes_limit: 68719476736
2021/08/19-02:34:35.441304 ffff9caede38   Options.hard_pending_compaction_bytes_limit: 274877906944
2021/08/19-02:34:35.441305 ffff9caede38       Options.rate_limit_delay_max_milliseconds: 100
2021/08/19-02:34:35.441709 ffff9caede38                Options.disable_auto_compactions: 0
2021/08/19-02:34:35.441713 ffff9caede38                        Options.compaction_style: kCompactionStyleLevel
2021/08/19-02:34:35.441715 ffff9caede38                          Options.compaction_pri: kMinOverlappingRatio
2021/08/19-02:34:35.441716 ffff9caede38 Options.compaction_options_universal.size_ratio: 1
2021/08/19-02:34:35.441717 ffff9caede38 Options.compaction_options_universal.min_merge_width: 2
2021/08/19-02:34:35.441718 ffff9caede38 Options.compaction_options_universal.max_merge_width: 4294967295
2021/08/19-02:34:35.441719 ffff9caede38 Options.compaction_options_universal.max_size_amplification_percent: 200
2021/08/19-02:34:35.441720 ffff9caede38 Options.compaction_options_universal.compression_size_percent: -1
2021/08/19-02:34:35.441722 ffff9caede38 Options.compaction_options_universal.stop_style: kCompactionStopStyleTotalSize
2021/08/19-02:34:35.441723 ffff9caede38 Options.compaction_options_fifo.max_table_files_size: 1073741824
2021/08/19-02:34:35.442260 ffff9caede38 Options.compaction_options_fifo.allow_compaction: 0
2021/08/19-02:34:35.442267 ffff9caede38                   Options.table_properties_collectors: 
2021/08/19-02:34:35.442268 ffff9caede38                   Options.inplace_update_support: 0
2021/08/19-02:34:35.442269 ffff9caede38                 Options.inplace_update_num_locks: 10000
2021/08/19-02:34:35.442270 ffff9caede38               Options.memtable_prefix_bloom_size_ratio: 0.000000
2021/08/19-02:34:35.442272 ffff9caede38               Options.memtable_whole_key_filtering: 0
2021/08/19-02:34:35.442273 ffff9caede38   Options.memtable_huge_page_size: 0
2021/08/19-02:34:35.442274 ffff9caede38                           Options.bloom_locality: 0
2021/08/19-02:34:35.442274 ffff9caede38                    Options.max_successive_merges: 0
2021/08/19-02:34:35.442275 ffff9caede38                Options.optimize_filters_for_hits: 0
2021/08/19-02:34:35.442276 ffff9caede38                Options.paranoid_file_checks: 0
2021/08/19-02:34:35.442277 ffff9caede38                Options.force_consistency_checks: 0
2021/08/19-02:34:35.442780 ffff9caede38                Options.report_bg_io_stats: 0
2021/08/19-02:34:35.442782 ffff9caede38                               Options.ttl: 2592000
2021/08/19-02:34:35.442783 ffff9caede38          Options.periodic_compaction_seconds: 0
2021/08/19-02:34:35.452633 ffff9caede38 [/version_set.cc:4624] Recovered from manifest file:rocks.db/MANIFEST-001259 succeeded,manifest_file_number is 1259, next_file_number is 1261, last_sequence is 92, log_number is 1258,prev_log_number is 0,max_column_family is 0,min_log_number_to_keep is 0
2021/08/19-02:34:35.452640 ffff9caede38 [/version_set.cc:4640] Column family [default] (ID 0), log number is 1258
2021/08/19-02:34:35.455367 ffff9caede38 EVENT_LOG_v1 {"time_micros": 1629340475455351, "job": 1, "event": "recovery_started", "log_files": [1260]}
2021/08/19-02:34:35.455371 ffff9caede38 [/db_impl/db_impl_open.cc:772] Recovering log #1260 mode 2
2021/08/19-02:34:35.456467 ffff9caede38 [/version_set.cc:3881] Creating manifest 1262
2021/08/19-02:34:35.468652 ffff9caede38 EVENT_LOG_v1 {"time_micros": 1629340475468648, "job": 1, "event": "recovery_finished"}
2021/08/19-02:34:35.505444 ffff9996e750 (Original Log Time 2021/08/19-02:34:35.505436) [/db_impl/db_impl_compaction_flush.cc:2671] Compaction nothing to do
2021/08/19-02:34:35.517495 ffff9caede38 DB pointer 0xaaab0eccf1c0
2021/08/19-02:34:35.519289 ffff99928750 [/db_impl/db_impl.cc:853] ------- DUMPING STATS -------
2021/08/19-02:34:35.519295 ffff99928750 [/db_impl/db_impl.cc:855] 
** DB Stats **
Uptime(secs): 0.1 total, 0.1 interval
Cumulative writes: 0 writes, 0 keys, 0 commit groups, 0.0 writes per commit group, ingest: 0.00 GB, 0.00 MB/s
Cumulative WAL: 0 writes, 0 syncs, 0.00 writes per sync, written: 0.00 GB, 0.00 MB/s
Cumulative stall: 00:00:0.000 H:M:S, 0.0 percent
Interval writes: 0 writes, 0 keys, 0 commit groups, 0.0 writes per commit group, ingest: 0.00 MB, 0.00 MB/s
Interval WAL: 0 writes, 0 syncs, 0.00 writes per sync, written: 0.00 MB, 0.00 MB/s
Interval stall: 00:00:0.000 H:M:S, 0.0 percent

** Compaction Stats [default] **
Level    Files   Size     Score Read(GB)  Rn(GB) Rnp1(GB) Write(GB) Wnew(GB) Moved(GB) W-Amp Rd(MB/s) Wr(MB/s) Comp(sec) CompMergeCPU(sec) Comp(cnt) Avg(sec) KeyIn KeyDrop
----------------------------------------------------------------------------------------------------------------------------------------------------------------------------
  L0      1/0    1.22 KB   0.2      0.0     0.0      0.0       0.0      0.0       0.0   0.0      0.0      0.0      0.00              0.00         0    0.000       0      0
  L1      2/0    2.74 KB   0.0      0.0     0.0      0.0       0.0      0.0       0.0   0.0      0.0      0.0      0.00              0.00         0    0.000       0      0
 Sum      3/0    3.95 KB   0.0      0.0     0.0      0.0       0.0      0.0       0.0   0.0      0.0      0.0      0.00              0.00         0    0.000       0      0
 Int      0/0    0.00 KB   0.0      0.0     0.0      0.0       0.0      0.0       0.0   0.0      0.0      0.0      0.00              0.00         0    0.000       0      0

** Compaction Stats [default] **
Priority    Files   Size     Score Read(GB)  Rn(GB) Rnp1(GB) Write(GB) Wnew(GB) Moved(GB) W-Amp Rd(MB/s) Wr(MB/s) Comp(sec) CompMergeCPU(sec) Comp(cnt) Avg(sec) KeyIn KeyDrop
-------------------------------------------------------------------------------------------------------------------------------------------------------------------------------
Uptime(secs): 0.1 total, 0.1 interval
Flush(GB): cumulative 0.000, interval 0.000
AddFile(GB): cumulative 0.000, interval 0.000
AddFile(Total Files): cumulative 0, interval 0
AddFile(L0 Files): cumulative 0, interval 0
AddFile(Keys): cumulative 0, interval 0
Cumulative compaction: 0.00 GB write, 0.00 MB/s write, 0.00 GB read, 0.00 MB/s read, 0.0 seconds
Interval compaction: 0.00 GB write, 0.00 MB/s write, 0.00 GB read, 0.00 MB/s read, 0.0 seconds
Stalls(count): 0 level0_slowdown, 0 level0_slowdown_with_compaction, 0 level0_numfiles, 0 level0_numfiles_with_compaction, 0 stop for pending_compaction_bytes, 0 slowdown for pending_compaction_bytes, 0 memtable_compaction, 0 memtable_slowdown, interval 0 total count

** File Read Latency Histogram By Level [default] **

** Compaction Stats [default] **
Level    Files   Size     Score Read(GB)  Rn(GB) Rnp1(GB) Write(GB) Wnew(GB) Moved(GB) W-Amp Rd(MB/s) Wr(MB/s) Comp(sec) CompMergeCPU(sec) Comp(cnt) Avg(sec) KeyIn KeyDrop
----------------------------------------------------------------------------------------------------------------------------------------------------------------------------
  L0      1/0    1.22 KB   0.2      0.0     0.0      0.0       0.0      0.0       0.0   0.0      0.0      0.0      0.00              0.00         0    0.000       0      0
  L1      2/0    2.74 KB   0.0      0.0     0.0      0.0       0.0      0.0       0.0   0.0      0.0      0.0      0.00              0.00         0    0.000       0      0
 Sum      3/0    3.95 KB   0.0      0.0     0.0      0.0       0.0      0.0       0.0   0.0      0.0      0.0      0.00              0.00         0    0.000       0      0
 Int      0/0    0.00 KB   0.0      0.0     0.0      0.0       0.0      0.0       0.0   0.0      0.0      0.0      0.00              0.00         0    0.000       0      0

** Compaction Stats [default] **
Priority    Files   Size     Score Read(GB)  Rn(GB) Rnp1(GB) Write(GB) Wnew(GB) Moved(GB) W-Amp Rd(MB/s) Wr(MB/s) Comp(sec) CompMergeCPU(sec) Comp(cnt) Avg(sec) KeyIn KeyDrop
-------------------------------------------------------------------------------------------------------------------------------------------------------------------------------
Uptime(secs): 0.1 total, 0.0 interval
Flush(GB): cumulative 0.000, interval 0.000
AddFile(GB): cumulative 0.000, interval 0.000
AddFile(Total Files): cumulative 0, interval 0
AddFile(L0 Files): cumulative 0, interval 0
AddFile(Keys): cumulative 0, interval 0
Cumulative compaction: 0.00 GB write, 0.00 MB/s write, 0.00 GB read, 0.00 MB/s read, 0.0 seconds
Interval compaction: 0.00 GB write, 0.00 MB/s write, 0.00 GB read, 0.00 MB/s read, 0.0 seconds
Stalls(count): 0 level0_slowdown, 0 level0_slowdown_with_compaction, 0 level0_numfiles, 0 level0_numfiles_with_compaction, 0 stop for pending_compaction_bytes, 0 slowdown for pending_compaction_bytes, 0 memtable_compaction, 0 memtable_slowdown, interval 0 total count

** File Read Latency Histogram By Level [default] **
2021/08/19-02:44:35.535828 ffff99928750 [/db_impl/db_impl.cc:853] ------- DUMPING STATS -------
2021/08/19-02:44:35.545038 ffff99928750 [/db_impl/db_impl.cc:855] 
** DB Stats **
Uptime(secs): 600.1 total, 600.0 interval
Cumulative writes: 0 writes, 0 keys, 0 commit groups, 0.0 writes per commit group, ingest: 0.00 GB, 0.00 MB/s
Cumulative WAL: 0 writes, 0 syncs, 0.00 writes per sync, written: 0.00 GB, 0.00 MB/s
Cumulative stall: 00:00:0.000 H:M:S, 0.0 percent
Interval writes: 0 writes, 0 keys, 0 commit groups, 0.0 writes per commit group, ingest: 0.00 MB, 0.00 MB/s
Interval WAL: 0 writes, 0 syncs, 0.00 writes per sync, written: 0.00 MB, 0.00 MB/s
Interval stall: 00:00:0.000 H:M:S, 0.0 percent

** Compaction Stats [default] **
Level    Files   Size     Score Read(GB)  Rn(GB) Rnp1(GB) Write(GB) Wnew(GB) Moved(GB) W-Amp Rd(MB/s) Wr(MB/s) Comp(sec) CompMergeCPU(sec) Comp(cnt) Avg(sec) KeyIn KeyDrop
----------------------------------------------------------------------------------------------------------------------------------------------------------------------------
  L0      1/0    1.22 KB   0.2      0.0     0.0      0.0       0.0      0.0       0.0   0.0      0.0      0.0      0.00              0.00         0    0.000       0      0
  L1      2/0    2.74 KB   0.0      0.0     0.0      0.0       0.0      0.0       0.0   0.0      0.0      0.0      0.00              0.00         0    0.000       0      0
 Sum      3/0    3.95 KB   0.0      0.0     0.0      0.0       0.0      0.0       0.0   0.0      0.0      0.0      0.00              0.00         0    0.000       0      0
 Int      0/0    0.00 KB   0.0      0.0     0.0      0.0       0.0      0.0       0.0   0.0      0.0      0.0      0.00              0.00         0    0.000       0      0

** Compaction Stats [default] **
Priority    Files   Size     Score Read(GB)  Rn(GB) Rnp1(GB) Write(GB) Wnew(GB) Moved(GB) W-Amp Rd(MB/s) Wr(MB/s) Comp(sec) CompMergeCPU(sec) Comp(cnt) Avg(sec) KeyIn KeyDrop
-------------------------------------------------------------------------------------------------------------------------------------------------------------------------------
Uptime(secs): 600.1 total, 600.0 interval
Flush(GB): cumulative 0.000, interval 0.000
AddFile(GB): cumulative 0.000, interval 0.000
AddFile(Total Files): cumulative 0, interval 0
AddFile(L0 Files): cumulative 0, interval 0
AddFile(Keys): cumulative 0, interval 0
Cumulative compaction: 0.00 GB write, 0.00 MB/s write, 0.00 GB read, 0.00 MB/s read, 0.0 seconds
Interval compaction: 0.00 GB write, 0.00 MB/s write, 0.00 GB read, 0.00 MB/s read, 0.0 seconds
Stalls(count): 0 level0_slowdown, 0 level0_slowdown_with_compaction, 0 level0_numfiles, 0 level0_numfiles_with_compaction, 0 stop for pending_compaction_bytes, 0 slowdown for pending_compaction_bytes, 0 memtable_compaction, 0 memtable_slowdown, interval 0 total count

** File Read Latency Histogram By Level [default] **

** Compaction Stats [default] **
Level    Files   Size     Score Read(GB)  Rn(GB) Rnp1(GB) Write(GB) Wnew(GB) Moved(GB) W-Amp Rd(MB/s) Wr(MB/s) Comp(sec) CompMergeCPU(sec) Comp(cnt) Avg(sec) KeyIn KeyDrop
----------------------------------------------------------------------------------------------------------------------------------------------------------------------------
  L0      1/0    1.22 KB   0.2      0.0     0.0      0.0       0.0      0.0       0.0   0.0      0.0      0.0      0.00              0.00         0    0.000       0      0
  L1      2/0    2.74 KB   0.0      0.0     0.0      0.0       0.0      0.0       0.0   0.0      0.0      0.0      0.00              0.00         0    0.000       0      0
 Sum      3/0    3.95 KB   0.0      0.0     0.0      0.0       0.0      0.0       0.0   0.0      0.0      0.0      0.00              0.00         0    0.000       0      0
 Int      0/0    0.00 KB   0.0      0.0     0.0      0.0       0.0      0.0       0.0   0.0      0.0      0.0      0.00              0.00         0    0.000       0      0

** Compaction Stats [default] **
Priority    Files   Size     Score Read(GB)  Rn(GB) Rnp1(GB) Write(GB) Wnew(GB) Moved(GB) W-Amp Rd(MB/s) Wr(MB/s) Comp(sec) CompMergeCPU(sec) Comp(cnt) Avg(sec) KeyIn KeyDrop
-------------------------------------------------------------------------------------------------------------------------------------------------------------------------------
Uptime(secs): 600.1 total, 0.0 interval
Flush(GB): cumulative 0.000, interval 0.000
AddFile(GB): cumulative 0.000, interval 0.000
AddFile(Total Files): cumulative 0, interval 0
AddFile(L0 Files): cumulative 0, interval 0
AddFile(Keys): cumulative 0, interval 0
Cumulative compaction: 0.00 GB write, 0.00 MB/s write, 0.00 GB read, 0.00 MB/s read, 0.0 seconds
Interval compaction: 0.00 GB write, 0.00 MB/s write, 0.00 GB read, 0.00 MB/s read, 0.0 seconds
Stalls(count): 0 level0_slowdown, 0 level0_slowdown_with_compaction, 0 level0_numfiles, 0 level0_numfiles_with_compaction, 0 stop for pending_compaction_bytes, 0 slowdown for pending_compaction_bytes, 0 memtable_compaction, 0 memtable_slowdown, interval 0 total count

** File Read Latency Histogram By Level [default] **
2021/08/19-02:54:35.631056 ffff99928750 [/db_impl/db_impl.cc:853] ------- DUMPING STATS -------
2021/08/19-02:54:35.639392 ffff99928750 [/db_impl/db_impl.cc:855] 
** DB Stats **
Uptime(secs): 1200.2 total, 600.1 interval
Cumulative writes: 0 writes, 0 keys, 0 commit groups, 0.0 writes per commit group, ingest: 0.00 GB, 0.00 MB/s
Cumulative WAL: 0 writes, 0 syncs, 0.00 writes per sync, written: 0.00 GB, 0.00 MB/s
Cumulative stall: 00:00:0.000 H:M:S, 0.0 percent
Interval writes: 0 writes, 0 keys, 0 commit groups, 0.0 writes per commit group, ingest: 0.00 MB, 0.00 MB/s
Interval WAL: 0 writes, 0 syncs, 0.00 writes per sync, written: 0.00 MB, 0.00 MB/s
Interval stall: 00:00:0.000 H:M:S, 0.0 percent

** Compaction Stats [default] **
Level    Files   Size     Score Read(GB)  Rn(GB) Rnp1(GB) Write(GB) Wnew(GB) Moved(GB) W-Amp Rd(MB/s) Wr(MB/s) Comp(sec) CompMergeCPU(sec) Comp(cnt) Avg(sec) KeyIn KeyDrop
----------------------------------------------------------------------------------------------------------------------------------------------------------------------------
  L0      1/0    1.22 KB   0.2      0.0     0.0      0.0       0.0      0.0       0.0   0.0      0.0      0.0      0.00              0.00         0    0.000       0      0
  L1      2/0    2.74 KB   0.0      0.0     0.0      0.0       0.0      0.0       0.0   0.0      0.0      0.0      0.00              0.00         0    0.000       0      0
 Sum      3/0    3.95 KB   0.0      0.0     0.0      0.0       0.0      0.0       0.0   0.0      0.0      0.0      0.00              0.00         0    0.000       0      0
 Int      0/0    0.00 KB   0.0      0.0     0.0      0.0       0.0      0.0       0.0   0.0      0.0      0.0      0.00              0.00         0    0.000       0      0

** Compaction Stats [default] **
Priority    Files   Size     Score Read(GB)  Rn(GB) Rnp1(GB) Write(GB) Wnew(GB) Moved(GB) W-Amp Rd(MB/s) Wr(MB/s) Comp(sec) CompMergeCPU(sec) Comp(cnt) Avg(sec) KeyIn KeyDrop
-------------------------------------------------------------------------------------------------------------------------------------------------------------------------------
Uptime(secs): 1200.2 total, 600.1 interval
Flush(GB): cumulative 0.000, interval 0.000
AddFile(GB): cumulative 0.000, interval 0.000
AddFile(Total Files): cumulative 0, interval 0
AddFile(L0 Files): cumulative 0, interval 0
AddFile(Keys): cumulative 0, interval 0
Cumulative compaction: 0.00 GB write, 0.00 MB/s write, 0.00 GB read, 0.00 MB/s read, 0.0 seconds
Interval compaction: 0.00 GB write, 0.00 MB/s write, 0.00 GB read, 0.00 MB/s read, 0.0 seconds
Stalls(count): 0 level0_slowdown, 0 level0_slowdown_with_compaction, 0 level0_numfiles, 0 level0_numfiles_with_compaction, 0 stop for pending_compaction_bytes, 0 slowdown for pending_compaction_bytes, 0 memtable_compaction, 0 memtable_slowdown, interval 0 total count

** File Read Latency Histogram By Level [default] **

** Compaction Stats [default] **
Level    Files   Size     Score Read(GB)  Rn(GB) Rnp1(GB) Write(GB) Wnew(GB) Moved(GB) W-Amp Rd(MB/s) Wr(MB/s) Comp(sec) CompMergeCPU(sec) Comp(cnt) Avg(sec) KeyIn KeyDrop
----------------------------------------------------------------------------------------------------------------------------------------------------------------------------
  L0      1/0    1.22 KB   0.2      0.0     0.0      0.0       0.0      0.0       0.0   0.0      0.0      0.0      0.00              0.00         0    0.000       0      0
  L1      2/0    2.74 KB   0.0      0.0     0.0      0.0       0.0      0.0       0.0   0.0      0.0      0.0      0.00              0.00         0    0.000       0      0
 Sum      3/0    3.95 KB   0.0      0.0     0.0      0.0       0.0      0.0       0.0   0.0      0.0      0.0      0.00              0.00         0    0.000       0      0
 Int      0/0    0.00 KB   0.0      0.0     0.0      0.0       0.0      0.0       0.0   0.0      0.0      0.0      0.00              0.00         0    0.000       0      0

** Compaction Stats [default] **
Priority    Files   Size     Score Read(GB)  Rn(GB) Rnp1(GB) Write(GB) Wnew(GB) Moved(GB) W-Amp Rd(MB/s) Wr(MB/s) Comp(sec) CompMergeCPU(sec) Comp(cnt) Avg(sec) KeyIn KeyDrop
-------------------------------------------------------------------------------------------------------------------------------------------------------------------------------
Uptime(secs): 1200.2 total, 0.0 interval
Flush(GB): cumulative 0.000, interval 0.000
AddFile(GB): cumulative 0.000, interval 0.000
AddFile(Total Files): cumulative 0, interval 0
AddFile(L0 Files): cumulative 0, interval 0
AddFile(Keys): cumulative 0, interval 0
Cumulative compaction: 0.00 GB write, 0.00 MB/s write, 0.00 GB read, 0.00 MB/s read, 0.0 seconds
Interval compaction: 0.00 GB write, 0.00 MB/s write, 0.00 GB read, 0.00 MB/s read, 0.0 seconds
Stalls(count): 0 level0_slowdown, 0 level0_slowdown_with_compaction, 0 level0_numfiles, 0 level0_numfiles_with_compaction, 0 stop for pending_compaction_bytes, 0 slowdown for pending_compaction_bytes, 0 memtable_compaction, 0 memtable_slowdown, interval 0 total count

** File Read Latency Histogram By Level [default] **
2021/08/19-03:04:35.670194 ffff99928750 [/db_impl/db_impl.cc:853] ------- DUMPING STATS -------
2021/08/19-03:04:35.682213 ffff99928750 [/db_impl/db_impl.cc:855] 
** DB Stats **
Uptime(secs): 1800.2 total, 600.1 interval
Cumulative writes: 0 writes, 0 keys, 0 commit groups, 0.0 writes per commit group, ingest: 0.00 GB, 0.00 MB/s
Cumulative WAL: 0 writes, 0 syncs, 0.00 writes per sync, written: 0.00 GB, 0.00 MB/s
Cumulative stall: 00:00:0.000 H:M:S, 0.0 percent
Interval writes: 0 writes, 0 keys, 0 commit groups, 0.0 writes per commit group, ingest: 0.00 MB, 0.00 MB/s
Interval WAL: 0 writes, 0 syncs, 0.00 writes per sync, written: 0.00 MB, 0.00 MB/s
Interval stall: 00:00:0.000 H:M:S, 0.0 percent

** Compaction Stats [default] **
Level    Files   Size     Score Read(GB)  Rn(GB) Rnp1(GB) Write(GB) Wnew(GB) Moved(GB) W-Amp Rd(MB/s) Wr(MB/s) Comp(sec) CompMergeCPU(sec) Comp(cnt) Avg(sec) KeyIn KeyDrop
----------------------------------------------------------------------------------------------------------------------------------------------------------------------------
  L0      1/0    1.22 KB   0.2      0.0     0.0      0.0       0.0      0.0       0.0   0.0      0.0      0.0      0.00              0.00         0    0.000       0      0
  L1      2/0    2.74 KB   0.0      0.0     0.0      0.0       0.0      0.0       0.0   0.0      0.0      0.0      0.00              0.00         0    0.000       0      0
 Sum      3/0    3.95 KB   0.0      0.0     0.0      0.0       0.0      0.0       0.0   0.0      0.0      0.0      0.00              0.00         0    0.000       0      0
 Int      0/0    0.00 KB   0.0      0.0     0.0      0.0       0.0      0.0       0.0   0.0      0.0      0.0      0.00              0.00         0    0.000       0      0

** Compaction Stats [default] **
Priority    Files   Size     Score Read(GB)  Rn(GB) Rnp1(GB) Write(GB) Wnew(GB) Moved(GB) W-Amp Rd(MB/s) Wr(MB/s) Comp(sec) CompMergeCPU(sec) Comp(cnt) Avg(sec) KeyIn KeyDrop
-------------------------------------------------------------------------------------------------------------------------------------------------------------------------------
Uptime(secs): 1800.2 total, 600.0 interval
Flush(GB): cumulative 0.000, interval 0.000
AddFile(GB): cumulative 0.000, interval 0.000
AddFile(Total Files): cumulative 0, interval 0
AddFile(L0 Files): cumulative 0, interval 0
AddFile(Keys): cumulative 0, interval 0
Cumulative compaction: 0.00 GB write, 0.00 MB/s write, 0.00 GB read, 0.00 MB/s read, 0.0 seconds
Interval compaction: 0.00 GB write, 0.00 MB/s write, 0.00 GB read, 0.00 MB/s read, 0.0 seconds
Stalls(count): 0 level0_slowdown, 0 level0_slowdown_with_compaction, 0 level0_numfiles, 0 level0_numfiles_with_compaction, 0 stop for pending_compaction_bytes, 0 slowdown for pending_compaction_bytes, 0 memtable_compaction, 0 memtable_slowdown, interval 0 total count

** File Read Latency Histogram By Level [default] **

** Compaction Stats [default] **
Level    Files   Size     Score Read(GB)  Rn(GB) Rnp1(GB) Write(GB) Wnew(GB) Moved(GB) W-Amp Rd(MB/s) Wr(MB/s) Comp(sec) CompMergeCPU(sec) Comp(cnt) Avg(sec) KeyIn KeyDrop
----------------------------------------------------------------------------------------------------------------------------------------------------------------------------
  L0      1/0    1.22 KB   0.2      0.0     0.0      0.0       0.0      0.0       0.0   0.0      0.0      0.0      0.00              0.00         0    0.000       0      0
  L1      2/0    2.74 KB   0.0      0.0     0.0      0.0       0.0      0.0       0.0   0.0      0.0      0.0      0.00              0.00         0    0.000       0      0
 Sum      3/0    3.95 KB   0.0      0.0     0.0      0.0       0.0      0.0       0.0   0.0      0.0      0.0      0.00              0.00         0    0.000       0      0
 Int      0/0    0.00 KB   0.0      0.0     0.0      0.0       0.0      0.0       0.0   0.0      0.0      0.0      0.00              0.00         0    0.000       0      0

** Compaction Stats [default] **
Priority    Files   Size     Score Read(GB)  Rn(GB) Rnp1(GB) Write(GB) Wnew(GB) Moved(GB) W-Amp Rd(MB/s) Wr(MB/s) Comp(sec) CompMergeCPU(sec) Comp(cnt) Avg(sec) KeyIn KeyDrop
-------------------------------------------------------------------------------------------------------------------------------------------------------------------------------
Uptime(secs): 1800.2 total, 0.0 interval
Flush(GB): cumulative 0.000, interval 0.000
AddFile(GB): cumulative 0.000, interval 0.000
AddFile(Total Files): cumulative 0, interval 0
AddFile(L0 Files): cumulative 0, interval 0
AddFile(Keys): cumulative 0, interval 0
Cumulative compaction: 0.00 GB write, 0.00 MB/s write, 0.00 GB read, 0.00 MB/s read, 0.0 seconds
Interval compaction: 0.00 GB write, 0.00 MB/s write, 0.00 GB read, 0.00 MB/s read, 0.0 seconds
Stalls(count): 0 level0_slowdown, 0 level0_slowdown_with_compaction, 0 level0_numfiles, 0 level0_numfiles_with_compaction, 0 stop for pending_compaction_bytes, 0 slowdown for pending_compaction_bytes, 0 memtable_compaction, 0 memtable_slowdown, interval 0 total count

** File Read Latency Histogram By Level [default] **
2021/08/19-03:14:35.686034 ffff99928750 [/db_impl/db_impl.cc:853] ------- DUMPING STATS -------
2021/08/19-03:14:35.692182 ffff99928750 [/db_impl/db_impl.cc:855] 
** DB Stats **
Uptime(secs): 2400.2 total, 600.0 interval
Cumulative writes: 0 writes, 0 keys, 0 commit groups, 0.0 writes per commit group, ingest: 0.00 GB, 0.00 MB/s
Cumulative WAL: 0 writes, 0 syncs, 0.00 writes per sync, written: 0.00 GB, 0.00 MB/s
Cumulative stall: 00:00:0.000 H:M:S, 0.0 percent
Interval writes: 0 writes, 0 keys, 0 commit groups, 0.0 writes per commit group, ingest: 0.00 MB, 0.00 MB/s
Interval WAL: 0 writes, 0 syncs, 0.00 writes per sync, written: 0.00 MB, 0.00 MB/s
Interval stall: 00:00:0.000 H:M:S, 0.0 percent

** Compaction Stats [default] **
Level    Files   Size     Score Read(GB)  Rn(GB) Rnp1(GB) Write(GB) Wnew(GB) Moved(GB) W-Amp Rd(MB/s) Wr(MB/s) Comp(sec) CompMergeCPU(sec) Comp(cnt) Avg(sec) KeyIn KeyDrop
